{
    "cameras": {
        "camera_7": {
            "w": 1024,
            "h": 1024,
            "near": 0.10000000149011612,
            "far": 1.5,
            "camera_angle_x": [
                0.523598849773407
            ],
            "types": [
                "color"
            ]
        }
    },
    "frames": [
        {
            "camera": "camera_7",
            "file_path": "./train/r_0",
            "rotation": 0.1,
            "transform_matrix": [
                [
                    0.5746691226959229,
                    0.6862228512763977,
                    0.44593003392219543,
                    0.44593000411987305
                ],
                [
                    0.8183858394622803,
                    -0.48186448216438293,
                    -0.31313133239746094,
                    -0.31313130259513855
                ],
                [
                    -2.0062126182551765e-08,
                    0.5448897480964661,
                    -0.8385077118873596,
                    -0.8385077118873596
                ],
                [
                    0.0,
                    0.0,
                    0.0,
                    1.0
                ]
            ]
        },
        {
            "camera": "camera_7",
            "file_path": "./train/r_1",
            "rotation": 0.1,
            "transform_matrix": [
                [
                    0.1967424899339676,
                    -0.21576853096485138,
                    -0.956418514251709,
                    -0.956418514251709
                ],
                [
                    -0.980455219745636,
                    -0.04329700022935867,
                    -0.19191919267177582,
                    -0.19191919267177582
                ],
                [
                    7.116697986475629e-08,
                    0.9754841327667236,
                    -0.2200697362422943,
                    -0.22006966173648834
                ],
                [
                    0.0,
                    0.0,
                    0.0,
                    1.0
                ]
            ]
        },
        {
            "camera": "camera_7",
            "file_path": "./train/r_2",
            "rotation": 0.1,
            "transform_matrix": [
                [
                    1.0,
                    0.0,
                    0.0,
                    0.0
                ],
                [
                    0.0,
                    -1.6292068494294654e-07,
                    -1.0,
                    -1.0
                ],
                [
                    0.0,
                    1.0,
                    -1.6292068494294654e-07,
                    0.0
                ],
                [
                    0.0,
                    0.0,
                    0.0,
                    1.0
                ]
            ]
        },
        {
            "camera": "camera_7",
            "file_path": "./train/r_3",
            "rotation": 0.1,
            "transform_matrix": [
                [
                    0.7981241941452026,
                    0.011462623253464699,
                    0.6023839116096497,
                    0.6023838520050049
                ],
                [
                    0.6024929285049438,
                    -0.015184534713625908,
                    -0.7979797720909119,
                    -0.7979797720909119
                ],
                [
                    -2.2510251440621687e-08,
                    0.9998189806938171,
                    -0.019025294110178947,
                    -0.01902538537979126
                ],
                [
                    0.0,
                    0.0,
                    0.0,
                    1.0
                ]
            ]
        },
        {
            "camera": "camera_7",
            "file_path": "./train/r_4",
            "rotation": 0.1,
            "transform_matrix": [
                [
                    -0.8729262948036194,
                    0.27812695503234863,
                    -0.4008055329322815,
                    -0.40080568194389343
                ],
                [
                    -0.4878520965576172,
                    -0.4976593852043152,
                    0.717171847820282,
                    0.7171717286109924
                ],
                [
                    1.8153056657865818e-07,
                    0.8215720057487488,
                    0.5701047778129578,
                    0.5701048374176025
                ],
                [
                    0.0,
                    0.0,
                    0.0,
                    1.0
                ]
            ]
        },
        {
            "camera": "camera_7",
            "file_path": "./train/r_5",
            "rotation": 0.1,
            "transform_matrix": [
                [
                    0.45456260442733765,
                    -0.007740633562207222,
                    -0.8906811475753784,
                    -0.8906811475753784
                ],
                [
                    -0.8907147645950317,
                    -0.0039504216983914375,
                    -0.45454543828964233,
                    -0.4545454680919647
                ],
                [
                    -9.637639664106246e-08,
                    0.9999622106552124,
                    -0.008690410293638706,
                    -0.008690289221704006
                ],
                [
                    0.0,
                    0.0,
                    0.0,
                    1.0
                ]
            ]
        },
        {
            "camera": "camera_7",
            "file_path": "./train/r_6",
            "rotation": 0.1,
            "transform_matrix": [
                [
                    0.5870145559310913,
                    0.47615551948547363,
                    0.6547440886497498,
                    0.6547440886497498
                ],
                [
                    0.8095763921737671,
                    -0.34525492787361145,
                    -0.4747474193572998,
                    -0.4747474789619446
                ],
                [
                    2.2556314149824175e-08,
                    0.8087490200996399,
                    -0.5881539583206177,
                    -0.5881539583206177
                ],
                [
                    0.0,
                    0.0,
                    0.0,
                    1.0
                ]
            ]
        },
        {
            "camera": "camera_7",
            "file_path": "./train/r_7",
            "rotation": 0.1,
            "transform_matrix": [
                [
                    -0.9982613921165466,
                    0.046374622732400894,
                    -0.03638129681348801,
                    -0.03638129308819771
                ],
                [
                    -0.05894238129258156,
                    -0.7854110598564148,
                    0.6161617040634155,
                    0.6161616444587708
                ],
                [
                    -6.4109322295280435e-09,
                    0.6172348260879517,
                    0.78677898645401,
                    0.7867790460586548
                ],
                [
                    0.0,
                    0.0,
                    0.0,
                    1.0
                ]
            ]
        },
        {
            "camera": "camera_7",
            "file_path": "./train/r_8",
            "rotation": 0.1,
            "transform_matrix": [
                [
                    0.29429277777671814,
                    -0.35911107063293457,
                    0.8856810927391052,
                    0.8856810331344604
                ],
                [
                    0.9557152986526489,
                    0.11058090627193451,
                    -0.2727271318435669,
                    -0.27272728085517883
                ],
                [
                    -8.661105965757088e-08,
                    0.9267206192016602,
                    0.3757511079311371,
                    0.3757511079311371
                ],
                [
                    0.0,
                    0.0,
                    0.0,
                    1.0
                ]
            ]
        },
        {
            "camera": "camera_7",
            "file_path": "./train/r_9",
            "rotation": 0.1,
            "transform_matrix": [
                [
                    0.8954824805259705,
                    0.30267271399497986,
                    -0.3263438642024994,
                    -0.3263438940048218
                ],
                [
                    -0.4450967013835907,
                    0.6089420914649963,
                    -0.6565656661987305,
                    -0.6565656661987305
                ],
                [
                    4.657501051497093e-10,
                    0.7331976294517517,
                    0.6800156235694885,
                    0.6800155639648438
                ],
                [
                    0.0,
                    0.0,
                    0.0,
                    1.0
                ]
            ]
        },
        {
            "camera": "camera_7",
            "file_path": "./train/r_10",
            "rotation": 0.1,
            "transform_matrix": [
                [
                    -0.3110373616218567,
                    -0.7924338579177856,
                    -0.5246945023536682,
                    -0.5246944427490234
                ],
                [
                    -0.9503976702690125,
                    0.2593404948711395,
                    0.1717170774936676,
                    0.17171716690063477
                ],
                [
                    9.55278736114451e-08,
                    0.552078902721405,
                    -0.8337919116020203,
                    -0.8337919116020203
                ],
                [
                    0.0,
                    0.0,
                    0.0,
                    1.0
                ]
            ]
        },
        {
            "camera": "camera_7",
            "file_path": "./train/r_11",
            "rotation": 0.1,
            "transform_matrix": [
                [
                    0.7246177196502686,
                    0.09854130446910858,
                    -0.6820694804191589,
                    -0.6820694804191589
                ],
                [
                    -0.6891510486602783,
                    0.10361266136169434,
                    -0.7171717286109924,
                    -0.7171717286109924
                ],
                [
                    -2.2927491016844215e-09,
                    0.9897242188453674,
                    0.1429894119501114,
                    0.14298945665359497
                ],
                [
                    0.0,
                    0.0,
                    0.0,
                    1.0
                ]
            ]
        },
        {
            "camera": "camera_7",
            "file_path": "./train/r_12",
            "rotation": 0.1,
            "transform_matrix": [
                [
                    -0.41123834252357483,
                    0.6397689580917358,
                    -0.649290919303894,
                    -0.649290919303894
                ],
                [
                    -0.9115278720855713,
                    -0.2886335849761963,
                    0.29292941093444824,
                    0.2929292917251587
                ],
                [
                    3.119672964402298e-09,
                    0.7123105525970459,
                    0.7018644213676453,
                    0.70186448097229
                ],
                [
                    0.0,
                    0.0,
                    0.0,
                    1.0
                ]
            ]
        },
        {
            "camera": "camera_7",
            "file_path": "./train/r_13",
            "rotation": 0.1,
            "transform_matrix": [
                [
                    -0.7705404758453369,
                    -0.4740018844604492,
                    0.42613330483436584,
                    0.42613330483436584
                ],
                [
                    0.6373910903930664,
                    -0.5730197429656982,
                    0.5151514410972595,
                    0.5151515007019043
                ],
                [
                    2.900761053581391e-08,
                    0.6685585975646973,
                    0.7436594367027283,
                    0.7436594367027283
                ],
                [
                    0.0,
                    0.0,
                    0.0,
                    1.0
                ]
            ]
        },
        {
            "camera": "camera_7",
            "file_path": "./train/r_14",
            "rotation": 0.1,
            "transform_matrix": [
                [
                    0.07778261601924896,
                    0.7582203149795532,
                    0.6473421454429626,
                    0.6473422646522522
                ],
                [
                    0.9969703555107117,
                    -0.05915561318397522,
                    -0.05050494521856308,
                    -0.05050504952669144
                ],
                [
                    4.607738190998134e-08,
                    0.6493093371391296,
                    -0.7605244517326355,
                    -0.7605242729187012
                ],
                [
                    0.0,
                    0.0,
                    0.0,
                    1.0
                ]
            ]
        },
        {
            "camera": "camera_7",
            "file_path": "./train/r_15",
            "rotation": 0.1,
            "transform_matrix": [
                [
                    0.8539523482322693,
                    -0.37268126010894775,
                    0.3631446957588196,
                    0.3631446063518524
                ],
                [
                    0.520351231098175,
                    0.6116099953651428,
                    -0.5959595441818237,
                    -0.5959596037864685
                ],
                [
                    2.276596333672387e-08,
                    0.6978838443756104,
                    0.7162109613418579,
                    0.7162109613418579
                ],
                [
                    0.0,
                    0.0,
                    0.0,
                    1.0
                ]
            ]
        },
        {
            "camera": "camera_7",
            "file_path": "./train/r_16",
            "rotation": 0.1,
            "transform_matrix": [
                [
                    0.9633445739746094,
                    -0.023643186315894127,
                    0.26722314953804016,
                    0.267223060131073
                ],
                [
                    0.26826703548431396,
                    0.08490244299173355,
                    -0.9595959186553955,
                    -0.9595959782600403
                ],
                [
                    6.416280839971478e-09,
                    0.9961087107658386,
                    0.08813299983739853,
                    0.08813304454088211
                ],
                [
                    0.0,
                    0.0,
                    0.0,
                    1.0
                ]
            ]
        },
        {
            "camera": "camera_7",
            "file_path": "./train/r_17",
            "rotation": 0.1,
            "transform_matrix": [
                [
                    -1.0,
                    1.5099580252808664e-07,
                    -1.1399865765455465e-14,
                    0.0
                ],
                [
                    0.0,
                    7.549790126404332e-08,
                    1.0,
                    1.0
                ],
                [
                    1.5099580252808664e-07,
                    1.0,
                    -7.549790126404332e-08,
                    0.0
                ],
                [
                    0.0,
                    0.0,
                    0.0,
                    1.0
                ]
            ]
        },
        {
            "camera": "camera_7",
            "file_path": "./train/r_18",
            "rotation": 0.1,
            "transform_matrix": [
                [
                    -0.9998519420623779,
                    0.01655389927327633,
                    0.004693247843533754,
                    0.004693348426371813
                ],
                [
                    0.0172063410282135,
                    0.9619375467300415,
                    0.27272719144821167,
                    0.27272728085517883
                ],
                [
                    8.742277657347586e-08,
                    0.272767573595047,
                    -0.9620799422264099,
                    -0.9620799422264099
                ],
                [
                    0.0,
                    0.0,
                    0.0,
                    1.0
                ]
            ]
        },
        {
            "camera": "camera_7",
            "file_path": "./train/r_19",
            "rotation": 0.1,
            "transform_matrix": [
                [
                    -0.36207878589630127,
                    -0.6680243611335754,
                    0.650109589099884,
                    0.650109589099884
                ],
                [
                    0.9321475028991699,
                    -0.25948411226272583,
                    0.25252532958984375,
                    0.2525252401828766
                ],
                [
                    5.3476675532238005e-08,
                    0.6974320411682129,
                    0.7166509032249451,
                    0.7166509032249451
                ],
                [
                    0.0,
                    0.0,
                    0.0,
                    1.0
                ]
            ]
        },
        {
            "camera": "camera_7",
            "file_path": "./train/r_20",
            "rotation": 0.1,
            "transform_matrix": [
                [
                    -0.9449503421783447,
                    0.2696349620819092,
                    0.18538017570972443,
                    0.18538013100624084
                ],
                [
                    0.32721370458602905,
                    0.778670608997345,
                    0.535353422164917,
                    0.5353535413742065
                ],
                [
                    -8.742277657347586e-08,
                    0.5665413737297058,
                    -0.8240333199501038,
                    -0.824033260345459
                ],
                [
                    0.0,
                    0.0,
                    0.0,
                    1.0
                ]
            ]
        },
        {
            "camera": "camera_7",
            "file_path": "./train/r_21",
            "rotation": 0.1,
            "transform_matrix": [
                [
                    -0.4571525454521179,
                    -0.3766193389892578,
                    0.80571049451828,
                    0.8057105541229248
                ],
                [
                    0.8893883228302002,
                    -0.19358551502227783,
                    0.4141414165496826,
                    0.4141414165496826
                ],
                [
                    2.1114212245265662e-07,
                    0.9059153199195862,
                    0.42345893383026123,
                    0.42345887422561646
                ],
                [
                    0.0,
                    0.0,
                    0.0,
                    1.0
                ]
            ]
        },
        {
            "camera": "camera_7",
            "file_path": "./train/r_22",
            "rotation": 0.1,
            "transform_matrix": [
                [
                    0.9857681393623352,
                    0.14538425207138062,
                    -0.08440762758255005,
                    -0.08440762013196945
                ],
                [
                    -0.16811075806617737,
                    0.8525044322013855,
                    -0.49494946002960205,
                    -0.49494948983192444
                ],
                [
                    1.9527329087054568e-08,
                    0.5020952224731445,
                    0.8648123741149902,
                    0.8648123145103455
                ],
                [
                    0.0,
                    0.0,
                    0.0,
                    1.0
                ]
            ]
        },
        {
            "camera": "camera_7",
            "file_path": "./train/r_23",
            "rotation": 0.1,
            "transform_matrix": [
                [
                    0.9857290387153625,
                    -0.15276165306568146,
                    -0.07072577625513077,
                    -0.07072577625513077
                ],
                [
                    -0.16833969950675964,
                    -0.8945102691650391,
                    -0.414141446352005,
                    -0.4141414165496826
                ],
                [
                    1.7508483551864629e-09,
                    0.4201372265815735,
                    -0.9074605703353882,
                    -0.907460629940033
                ],
                [
                    0.0,
                    0.0,
                    0.0,
                    1.0
                ]
            ]
        },
        {
            "camera": "camera_7",
            "file_path": "./train/r_24",
            "rotation": 0.1,
            "transform_matrix": [
                [
                    -0.4052168130874634,
                    0.2141825556755066,
                    -0.8887773156166077,
                    -0.8887773752212524
                ],
                [
                    -0.9142206311225891,
                    -0.09493380784988403,
                    0.39393940567970276,
                    0.39393940567970276
                ],
                [
                    -7.040951999215395e-08,
                    0.9721694588661194,
                    0.2342788726091385,
                    0.2342788577079773
                ],
                [
                    0.0,
                    0.0,
                    0.0,
                    1.0
                ]
            ]
        },
        {
            "camera": "camera_7",
            "file_path": "./train/r_25",
            "rotation": 0.1,
            "transform_matrix": [
                [
                    0.9947993755340576,
                    -0.06601369380950928,
                    0.07756534218788147,
                    0.07756532728672028
                ],
                [
                    0.10185376554727554,
                    0.6447516083717346,
                    -0.7575758695602417,
                    -0.7575757503509521
                ],
                [
                    -2.5167086192823263e-09,
                    0.7615363001823425,
                    0.648122251033783,
                    0.6481223702430725
                ],
                [
                    0.0,
                    0.0,
                    0.0,
                    1.0
                ]
            ]
        },
        {
            "camera": "camera_7",
            "file_path": "./train/r_26",
            "rotation": 0.1,
            "transform_matrix": [
                [
                    0.7488067746162415,
                    -0.2423126995563507,
                    0.6169059872627258,
                    0.616905927658081
                ],
                [
                    0.6627883911132812,
                    0.2737606465816498,
                    -0.6969696283340454,
                    -0.6969696879386902
                ],
                [
                    2.5498687605818304e-08,
                    0.9307736754417419,
                    0.36559584736824036,
                    0.36559587717056274
                ],
                [
                    0.0,
                    0.0,
                    0.0,
                    1.0
                ]
            ]
        },
        {
            "camera": "camera_7",
            "file_path": "./train/r_27",
            "rotation": 0.1,
            "transform_matrix": [
                [
                    0.5507727861404419,
                    -0.5132271647453308,
                    0.6582151651382446,
                    0.6582151651382446
                ],
                [
                    0.834655225276947,
                    0.3386686146259308,
                    -0.4343434274196625,
                    -0.4343434274196625
                ],
                [
                    2.9481558527777452e-08,
                    0.7886072993278503,
                    0.6148971915245056,
                    0.6148971915245056
                ],
                [
                    0.0,
                    0.0,
                    0.0,
                    1.0
                ]
            ]
        },
        {
            "camera": "camera_7",
            "file_path": "./train/r_28",
            "rotation": 0.1,
            "transform_matrix": [
                [
                    0.953683078289032,
                    -0.21194356679916382,
                    -0.21346789598464966,
                    -0.21346786618232727
                ],
                [
                    -0.3008132576942444,
                    -0.6719350814819336,
                    -0.6767677664756775,
                    -0.6767676472663879
                ],
                [
                    1.0260002625273046e-08,
                    0.7096359133720398,
                    -0.7045685648918152,
                    -0.70456862449646
                ],
                [
                    0.0,
                    0.0,
                    0.0,
                    1.0
                ]
            ]
        },
        {
            "camera": "camera_7",
            "file_path": "./train/r_29",
            "rotation": 0.1,
            "transform_matrix": [
                [
                    -0.8185057044029236,
                    -0.4869382381439209,
                    -0.30485987663269043,
                    -0.30485999584198
                ],
                [
                    -0.5744983553886414,
                    0.6937559247016907,
                    0.4343436062335968,
                    0.4343434274196625
                ],
                [
                    -1.5099580252808664e-07,
                    0.53065425157547,
                    -0.8475884199142456,
                    -0.8475884199142456
                ],
                [
                    0.0,
                    0.0,
                    0.0,
                    1.0
                ]
            ]
        },
        {
            "camera": "camera_7",
            "file_path": "./train/r_30",
            "rotation": 0.1,
            "transform_matrix": [
                [
                    -0.4082251787185669,
                    -0.526992678642273,
                    -0.7454065680503845,
                    -0.7454066872596741
                ],
                [
                    -0.9128812551498413,
                    0.23566219210624695,
                    0.3333333730697632,
                    0.3333333432674408
                ],
                [
                    -9.790642963025675e-08,
                    0.8165427446365356,
                    -0.5772849917411804,
                    -0.5772848129272461
                ],
                [
                    0.0,
                    0.0,
                    0.0,
                    1.0
                ]
            ]
        },
        {
            "camera": "camera_7",
            "file_path": "./train/r_31",
            "rotation": 0.1,
            "transform_matrix": [
                [
                    0.88934725522995,
                    -0.45578503608703613,
                    0.03635195270180702,
                    0.0363520085811615
                ],
                [
                    0.45723238587379456,
                    0.8865320086479187,
                    -0.07070703059434891,
                    -0.07070706784725189
                ],
                [
                    3.4653798053341234e-08,
                    0.07950439304113388,
                    0.9968345165252686,
                    0.9968345165252686
                ],
                [
                    0.0,
                    0.0,
                    0.0,
                    1.0
                ]
            ]
        },
        {
            "camera": "camera_7",
            "file_path": "./train/r_32",
            "rotation": 0.1,
            "transform_matrix": [
                [
                    -0.05284449830651283,
                    0.29383841156959534,
                    0.954393208026886,
                    0.954393208026886
                ],
                [
                    0.9986027479171753,
                    0.015549490228295326,
                    0.05050499364733696,
                    0.05050504952669144
                ],
                [
                    -2.0334347539119335e-08,
                    0.9557286500930786,
                    -0.294249564409256,
                    -0.29424962401390076
                ],
                [
                    0.0,
                    0.0,
                    0.0,
                    1.0
                ]
            ]
        },
        {
            "camera": "camera_7",
            "file_path": "./train/r_33",
            "rotation": 0.1,
            "transform_matrix": [
                [
                    -0.5792103409767151,
                    -0.08887647092342377,
                    0.8103187084197998,
                    0.810318648815155
                ],
                [
                    0.8151781558990479,
                    -0.06314954161643982,
                    0.5757575035095215,
                    0.5757575631141663
                ],
                [
                    -3.8278482605846875e-08,
                    0.9940387606620789,
                    0.10902702063322067,
                    0.10902722179889679
                ],
                [
                    0.0,
                    0.0,
                    0.0,
                    1.0
                ]
            ]
        },
        {
            "camera": "camera_7",
            "file_path": "./train/r_34",
            "rotation": 0.1,
            "transform_matrix": [
                [
                    0.8820556402206421,
                    0.2585514783859253,
                    0.39386415481567383,
                    0.39386409521102905
                ],
                [
                    0.47114524245262146,
                    -0.48404762148857117,
                    -0.7373737692832947,
                    -0.7373737096786499
                ],
                [
                    -6.541177555163813e-08,
                    0.8359718918800354,
                    -0.5487722158432007,
                    -0.5487722754478455
                ],
                [
                    0.0,
                    0.0,
                    0.0,
                    1.0
                ]
            ]
        },
        {
            "camera": "camera_7",
            "file_path": "./train/r_35",
            "rotation": 0.1,
            "transform_matrix": [
                [
                    -0.9125510454177856,
                    -0.37702521681785583,
                    0.158438041806221,
                    0.1584380567073822
                ],
                [
                    0.4089628756046295,
                    -0.8412860035896301,
                    0.35353535413742065,
                    0.35353535413742065
                ],
                [
                    -4.081672955180693e-08,
                    0.3874143362045288,
                    0.9219056963920593,
                    0.9219056963920593
                ],
                [
                    0.0,
                    0.0,
                    0.0,
                    1.0
                ]
            ]
        },
        {
            "camera": "camera_7",
            "file_path": "./train/r_36",
            "rotation": 0.1,
            "transform_matrix": [
                [
                    -0.9249074459075928,
                    0.08937209099531174,
                    0.3695387542247772,
                    0.36953896284103394
                ],
                [
                    0.3801923990249634,
                    0.21741871535778046,
                    0.8989899158477783,
                    0.8989899158477783
                ],
                [
                    -3.186396568821692e-08,
                    0.9719782471656799,
                    -0.23507076501846313,
                    -0.23507043719291687
                ],
                [
                    0.0,
                    0.0,
                    0.0,
                    1.0
                ]
            ]
        },
        {
            "camera": "camera_7",
            "file_path": "./train/r_37",
            "rotation": 0.1,
            "transform_matrix": [
                [
                    0.16934369504451752,
                    0.6223207712173462,
                    -0.7642248272895813,
                    -0.7642248272895813
                ],
                [
                    -0.9855570793151855,
                    0.10693053901195526,
                    -0.13131316006183624,
                    -0.13131313025951385
                ],
                [
                    7.063164275677991e-08,
                    0.7754242420196533,
                    0.6314406394958496,
                    0.6314406394958496
                ],
                [
                    0.0,
                    0.0,
                    0.0,
                    1.0
                ]
            ]
        },
        {
            "camera": "camera_7",
            "file_path": "./train/r_38",
            "rotation": 0.1,
            "transform_matrix": [
                [
                    0.6413288712501526,
                    -0.21283140778541565,
                    -0.7371567487716675,
                    -0.7371567487716675
                ],
                [
                    -0.7672661542892456,
                    -0.1778978556394577,
                    -0.6161615252494812,
                    -0.6161616444587708
                ],
                [
                    -8.419032582196451e-08,
                    0.9607576131820679,
                    -0.2773893475532532,
                    -0.2773892283439636
                ],
                [
                    0.0,
                    0.0,
                    0.0,
                    1.0
                ]
            ]
        },
        {
            "camera": "camera_7",
            "file_path": "./train/r_39",
            "rotation": 0.1,
            "transform_matrix": [
                [
                    -0.0480579175055027,
                    -0.9765321016311646,
                    -0.20994174480438232,
                    -0.20994167029857635
                ],
                [
                    -0.998844563961029,
                    0.04698440060019493,
                    0.0101009551435709,
                    0.010101010091602802
                ],
                [
                    8.036091969643167e-08,
                    0.21018460392951965,
                    -0.9776617288589478,
                    -0.9776617288589478
                ],
                [
                    0.0,
                    0.0,
                    0.0,
                    1.0
                ]
            ]
        },
        {
            "camera": "camera_7",
            "file_path": "./train/r_40",
            "rotation": 0.1,
            "transform_matrix": [
                [
                    -0.5131686925888062,
                    -0.2266703099012375,
                    -0.8278154730796814,
                    -0.8278154730796814
                ],
                [
                    -0.8582877516746521,
                    0.13552573323249817,
                    0.4949494004249573,
                    0.49494948983192444
                ],
                [
                    -2.8463855272775618e-08,
                    0.9644964337348938,
                    -0.26409590244293213,
                    -0.2640957236289978
                ],
                [
                    0.0,
                    0.0,
                    0.0,
                    1.0
                ]
            ]
        },
        {
            "camera": "camera_7",
            "file_path": "./train/r_41",
            "rotation": 0.1,
            "transform_matrix": [
                [
                    0.24205826222896576,
                    0.46739909052848816,
                    0.8502622246742249,
                    0.8502622842788696
                ],
                [
                    0.9702616930007935,
                    -0.11660545319318771,
                    -0.2121211290359497,
                    -0.21212121844291687
                ],
                [
                    -4.235868544810728e-09,
                    0.8763225674629211,
                    -0.48172473907470703,
                    -0.4817246198654175
                ],
                [
                    0.0,
                    0.0,
                    0.0,
                    1.0
                ]
            ]
        },
        {
            "camera": "camera_7",
            "file_path": "./train/r_42",
            "rotation": 0.1,
            "transform_matrix": [
                [
                    -0.9902088642120361,
                    0.0643320307135582,
                    -0.12388641387224197,
                    -0.12388644367456436
                ],
                [
                    -0.13959388434886932,
                    -0.4563392102718353,
