{
    "cameras": {
        "camera_1": {
            "w": 1024,
            "h": 1024,
            "near": 9.999999747378752e-05,
            "far": 0.02500000037252903,
            "camera_angle_x": 3.141592653589793,
            "types": [
                "touch"
            ]
        }
    },
    "frames": [
        {
            "camera": "camera_1",
            "file_path": "./train/r_0",
            "rotation": 0.1,
            "transform_matrix": [
                [
                    -0.9115080237388611,
                    -1.536079707875615e-08,
                    -0.41128236055374146,
                    0.03427215665578842
                ],
                [
                    -0.41128236055374146,
                    4.102406592210173e-08,
                    0.9115080237388611,
                    0.018019720911979675
                ],
                [
                    2.870986337555337e-09,
                    1.0,
                    -4.371138828673793e-08,
                    0.10547946393489838
                ],
                [
                    0.0,
                    0.0,
                    0.0,
                    1.0
                ]
            ]
        },
        {
            "camera": "camera_1",
            "file_path": "./train/r_1",
            "rotation": 0.1,
            "transform_matrix": [
                [
                    1.0,
                    1.4087854216526807e-09,
                    1.1592220933165365e-10,
                    -0.08166221529245377
                ],
                [
                    1.4135467241160882e-09,
                    -0.9966316223144531,
                    -0.08200857788324356,
                    0.07125024497509003
                ],
                [
                    -7.504634620916664e-16,
                    0.08200857788324356,
                    -0.9966316223144531,
                    -0.0374826043844223
                ],
                [
                    0.0,
                    0.0,
                    0.0,
                    1.0
                ]
            ]
        },
        {
            "camera": "camera_1",
            "file_path": "./train/r_2",
            "rotation": 0.1,
            "transform_matrix": [
                [
                    1.0,
                    2.8790332524859297e-29,
                    1.219604526191696e-28,
                    -0.02432851493358612
                ],
                [
                    1.2531254572443774e-28,
                    -0.2297482043504715,
                    -0.9732500910758972,
                    -0.1106620505452156
                ],
                [
                    9.601975095168969e-38,
                    0.9732500910758972,
                    -0.2297482043504715,
                    0.017675340175628662
                ],
                [
                    0.0,
                    0.0,
                    0.0,
                    1.0
                ]
            ]
        },
        {
            "camera": "camera_1",
            "file_path": "./train/r_3",
            "rotation": 0.1,
            "transform_matrix": [
                [
                    0.9857193231582642,
                    -1.5239605133388068e-08,
                    -0.16839665174484253,
                    -0.04145446792244911
                ],
                [
                    -0.16839665174484253,
                    -1.6267752300791471e-07,
                    -0.9857193231582642,
                    0.08479771018028259
                ],
                [
                    -1.2372376900771087e-08,
                    1.0,
                    -1.6292068494294654e-07,
                    0.06381068378686905
                ],
                [
                    0.0,
                    0.0,
                    0.0,
                    1.0
                ]
            ]
        },
        {
            "camera": "camera_1",
            "file_path": "./train/r_4",
            "rotation": 0.1,
            "transform_matrix": [
                [
                    1.0,
                    -1.9968503116628643e-42,
                    2.6940383366183906e-40,
                    -0.039542682468891144
                ],
                [
                    2.694108401541607e-40,
                    0.007412798702716827,
                    -0.9999725222587585,
                    -0.10146678984165192
                ],
                [
                    0.0,
                    0.9999725222587585,
                    0.007412798702716827,
                    0.033491574227809906
                ],
                [
                    0.0,
                    0.0,
                    0.0,
                    1.0
                ]
            ]
        },
        {
            "camera": "camera_1",
            "file_path": "./train/r_5",
            "rotation": 0.1,
            "transform_matrix": [
                [
                    -0.5404798984527588,
                    4.1682724827296624e-08,
                    -0.8413569331169128,
                    -0.0830618366599083
                ],
                [
                    -0.8413569331169128,
                    -7.47999138184241e-08,
                    0.5404798984527588,
                    -0.07668924331665039
                ],
                [
                    -4.040474621547219e-08,
                    1.0,
                    7.549790126404332e-08,
                    0.01810537278652191
                ],
                [
                    0.0,
                    0.0,
                    0.0,
                    1.0
                ]
            ]
        },
        {
            "camera": "camera_1",
            "file_path": "./train/r_6",
            "rotation": 0.1,
            "transform_matrix": [
                [
                    -1.0,
                    1.388406332125669e-07,
                    -9.747905949097913e-08,
                    -0.008447858504951
                ],
                [
                    7.732500506563156e-08,
                    0.884494960308075,
                    0.46654975414276123,
                    -0.07668925076723099
                ],
                [
                    1.5099580252808664e-07,
                    0.46654975414276123,
                    -0.884494960308075,
                    -0.08459144085645676
                ],
                [
                    0.0,
                    0.0,
                    0.0,
                    1.0
                ]
            ]
        },
        {
            "camera": "camera_1",
            "file_path": "./train/r_7",
            "rotation": 0.1,
            "transform_matrix": [
                [
                    1.0,
                    -1.6520259119023883e-11,
                    3.899821871683473e-12,
                    -0.00801603589206934
                ],
                [
                    1.6974321254137337e-11,
                    0.9732500910758972,
                    -0.22974829375743866,
                    -0.11186850816011429
                ],
                [
                    -4.785692725004638e-19,
                    0.22974829375743866,
                    0.9732500910758972,
                    -0.024672478437423706
                ],
                [
                    0.0,
                    0.0,
                    0.0,
                    1.0
                ]
            ]
        },
        {
            "camera": "camera_1",
            "file_path": "./train/r_8",
            "rotation": 0.1,
            "transform_matrix": [
                [
                    0.5404797196388245,
                    -0.42369306087493896,
                    0.7268878221511841,
                    -0.10007227212190628
                ],
                [
                    0.8413570523262024,
                    0.27217626571655273,
                    -0.4669457972049713,
                    0.03871343657374382
                ],
                [
                    7.519563638425097e-08,
                    0.8639469146728516,
                    0.5035828948020935,
                    -0.03334571793675423
                ],
                [
                    0.0,
                    0.0,
                    0.0,
                    1.0
                ]
            ]
        },
        {
            "camera": "camera_1",
            "file_path": "./train/r_9",
            "rotation": 0.1,
            "transform_matrix": [
                [
                    1.0,
                    0.0,
                    0.0,
                    0.0591241791844368
                ],
                [
                    0.0,
                    -1.6292068494294654e-07,
                    -1.0,
                    -0.056503776460886
                ],
                [
                    0.0,
                    1.0,
                    -1.6292068494294654e-07,
                    0.07691917568445206
                ],
                [
                    0.0,
                    0.0,
                    0.0,
                    1.0
                ]
            ]
        },
        {
            "camera": "camera_1",
            "file_path": "./train/r_10",
            "rotation": 0.1,
            "transform_matrix": [
                [
                    0.587777316570282,
                    1.3138576093751908e-07,
                    0.8090227842330933,
                    -0.050125692039728165
                ],
                [
                    0.8090227842330933,
                    -9.634024422666698e-08,
                    -0.587777316570282,
                    -0.08110713213682175
                ],
                [
                    7.158824644193373e-10,
                    1.0,
                    -1.6292068494294654e-07,
                    -0.05789411813020706
                ],
                [
                    0.0,
                    0.0,
                    0.0,
                    1.0
                ]
            ]
        },
        {
            "camera": "camera_1",
            "file_path": "./train/r_11",
            "rotation": 0.1,
            "transform_matrix": [
                [
                    -1.0,
                    1.5251889351475256e-07,
                    -4.388263263876979e-08,
                    -0.05907011032104492
                ],
                [
                    -1.5099580252808664e-07,
                    -0.8291867971420288,
                    0.5589715838432312,
                    -0.04117784649133682
                ],
                [
                    4.8866827029314663e-08,
                    0.5589715838432312,
                    0.8291867971420288,
                    -0.08924879133701324
                ],
                [
                    0.0,
                    0.0,
                    0.0,
                    1.0
                ]
            ]
        },
        {
            "camera": "camera_1",
            "file_path": "./train/r_12",
            "rotation": 0.1,
            "transform_matrix": [
                [
                    -1.0,
                    6.833027299535388e-08,
                    1.0176738385325734e-07,
                    -0.09625755250453949
                ],
                [
                    8.592371614213334e-08,
                    0.9828527569770813,
                    0.18439225852489471,
                    -0.03437182679772377
                ],
                [
                    -8.742277657347586e-08,
                    0.18439225852489471,
                    -0.9828527569770813,
                    -0.050338201224803925
                ],
                [
                    0.0,
                    0.0,
                    0.0,
                    1.0
                ]
            ]
        },
        {
            "camera": "camera_1",
            "file_path": "./train/r_13",
            "rotation": 0.1,
            "transform_matrix": [
                [
                    -0.9999274015426636,
                    -2.6462345648070595e-09,
                    0.012049772776663303,
                    0.10313466191291809
                ],
                [
                    0.012049772776663303,
                    1.629643975320505e-07,
                    0.9999274015426636,
                    0.04117783159017563
                ],
                [
                    -4.609726378390633e-09,
                    1.0,
                    -1.6292068494294654e-07,
                    -0.02860001102089882
                ],
                [
                    0.0,
                    0.0,
                    0.0,
                    1.0
                ]
            ]
        },
        {
            "camera": "camera_1",
            "file_path": "./train/r_14",
            "rotation": 0.1,
            "transform_matrix": [
                [
                    1.0,
                    -2.461575943080163e-10,
                    6.291433346516939e-11,
                    0.07055078446865082
                ],
                [
                    2.5407040360470035e-10,
                    0.9688558578491211,
                    -0.2476254254579544,
                    0.0811060443520546
                ],
                [
                    -3.8245655150899796e-17,
                    0.2476254254579544,
                    0.9688558578491211,
                    -0.029783006757497787
                ],
                [
                    0.0,
                    0.0,
                    0.0,
                    1.0
                ]
            ]
        },
        {
            "camera": "camera_1",
            "file_path": "./train/r_15",
            "rotation": 0.1,
            "transform_matrix": [
                [
                    -1.0,
                    1.3875907711735636e-07,
                    -9.763787289784887e-08,
                    -0.0344691202044487
                ],
                [
                    -1.5099580252808664e-07,
                    -0.4653770923614502,
                    0.8851125240325928,
                    0.0008787818951532245
                ],
                [
                    7.737897078641254e-08,
                    0.8851125240325928,
                    0.4653770923614502,
                    0.10608325898647308
                ],
                [
                    0.0,
                    0.0,
                    0.0,
                    1.0
                ]
            ]
        },
        {
            "camera": "camera_1",
            "file_path": "./train/r_16",
            "rotation": 0.1,
            "transform_matrix": [
                [
                    -0.5809754133224487,
                    -2.1968698149521515e-07,
                    -0.8139210939407349,
                    -0.012305015698075294
                ],
                [
                    -0.8139210939407349,
                    -2.7345707920289897e-08,
                    0.5809754133224487,
                    0.10146678239107132
                ],
                [
                    -1.498899848684232e-07,
                    1.0,
                    -1.6292068494294654e-07,
                    0.05033820495009422
                ],
                [
                    0.0,
                    0.0,
                    0.0,
                    1.0
                ]
            ]
        },
        {
            "camera": "camera_1",
            "file_path": "./train/r_17",
            "rotation": 0.1,
            "transform_matrix": [
                [
                    -1.0,
                    1.4518217028580693e-07,
                    -8.285653763095979e-08,
                    0.0360814593732357
                ],
                [
                    -1.5099580252808664e-07,
                    -0.5718652606010437,
                    0.8203475475311279,
                    -0.10858951508998871
                ],
                [
                    7.171706073449968e-08,
                    0.8203475475311279,
                    0.5718652606010437,
                    0.003836051793769002
                ],
                [
                    0.0,
                    0.0,
                    0.0,
                    1.0
                ]
            ]
        },
        {
            "camera": "camera_1",
            "file_path": "./train/r_18",
            "rotation": 0.1,
            "transform_matrix": [
                [
                    1.0,
                    4.918894653019818e-19,
                    3.039940966908544e-19,
                    -0.010413048788905144
                ],
                [
                    5.782453117949279e-19,
                    -0.8506587743759155,
                    -0.5257182121276855,
                    -0.07125023752450943
                ],
                [
                    -1.1604211708535126e-26,
                    0.5257182121276855,
                    -0.8506587743759155,
                    -0.08924875408411026
                ],
                [
                    0.0,
                    0.0,
                    0.0,
                    1.0
                ]
            ]
        },
        {
            "camera": "camera_1",
            "file_path": "./train/r_19",
            "rotation": 0.1,
            "transform_matrix": [
                [
                    0.9098143577575684,
                    1.8140903890184745e-08,
                    0.41501548886299133,
                    0.008447858504951
                ],
                [
                    0.41501548886299133,
                    -3.976925100346307e-08,
                    -0.9098143577575684,
                    0.07668925076723099
                ],
                [
                    0.0,
                    1.0,
                    -4.371138828673793e-08,
                    0.08459144085645676
                ],
                [
                    0.0,
                    0.0,
                    0.0,
                    1.0
                ]
            ]
        },
        {
            "camera": "camera_1",
            "file_path": "./train/r_20",
            "rotation": 0.1,
            "transform_matrix": [
                [
                    -0.8168066143989563,
                    3.912335344580242e-08,
                    -0.5769115090370178,
                    0.07697954773902893
                ],
                [
                    -0.5769115090370178,
                    -6.479768899225746e-08,
                    0.8168066143989563,
                    -0.027613529935479164
                ],
                [
                    -5.426320281998187e-09,
                    1.0,
                    7.549790126404332e-08,
                    0.07691916823387146
                ],
                [
                    0.0,
                    0.0,
                    0.0,
                    1.0
                ]
            ]
        },
        {
            "camera": "camera_1",
            "file_path": "./train/r_21",
            "rotation": 0.1,
            "transform_matrix": [
                [
                    -1.0,
                    7.822225001063998e-08,
                    9.537448875107657e-08,
                    0.039571523666381836
                ],
                [
                    8.701879750105945e-08,
                    0.9953792691230774,
                    0.09602136164903641,
                    -0.08110711723566055
                ],
                [
                    -8.742277657347586e-08,
                    0.09602136164903641,
                    -0.9953792691230774,
                    0.06556257605552673
                ],
                [
                    0.0,
                    0.0,
                    0.0,
                    1.0
                ]
            ]
        },
        {
            "camera": "camera_1",
            "file_path": "./train/r_22",
            "rotation": 0.1,
            "transform_matrix": [
                [
                    1.0,
                    -3.2920580170416975e-28,
                    3.9923293948276776e-29,
                    0.08951292932033539
                ],
                [
                    3.316177400700231e-28,
                    0.992726743221283,
                    -0.120389424264431,
                    0.02560237981379032
                ],
                [
                    -2.5095949171997867e-35,
                    0.120389424264431,
                    0.992726743221283,
                    -0.06503451615571976
                ],
                [
                    0.0,
                    0.0,
                    0.0,
                    1.0
                ]
            ]
        },
        {
            "camera": "camera_1",
            "file_path": "./train/r_23",
            "rotation": 0.1,
            "transform_matrix": [
                [
                    1.0,
                    -5.073155409575917e-24,
                    5.826748020053921e-25,
                    -0.08381979167461395
                ],
                [
                    5.1065072653573034e-24,
                    0.9934688210487366,
                    -0.11410391330718994,
                    -0.07219523191452026
                ],
                [
                    -2.3539556493860505e-30,
                    0.11410391330718994,
                    0.9934688210487366,
                    0.019680529832839966
                ],
                [
                    0.0,
                    0.0,
                    0.0,
                    1.0
                ]
            ]
        },
        {
            "camera": "camera_1",
            "file_path": "./train/r_24",
            "rotation": 0.1,
            "transform_matrix": [
                [
                    -4.371138828673793e-08,
                    -4.371138828673793e-08,
                    -1.0,
                    0.07937964051961899
                ],
                [
                    -1.0,
                    1.910685676922942e-15,
                    4.371138828673793e-08,
                    -0.07219524681568146
                ],
                [
                    0.0,
                    1.0,
                    -4.371138828673793e-08,
                    0.03334570676088333
                ],
                [
                    0.0,
                    0.0,
                    0.0,
                    1.0
                ]
            ]
        },
        {
            "camera": "camera_1",
            "file_path": "./train/r_25",
            "rotation": 0.1,
            "transform_matrix": [
                [
                    -1.0,
                    1.4697567962684843e-07,
                    -7.84760203487167e-08,
                    -0.04461793228983879
                ],
                [
                    7.043156102781722e-08,
                    0.7997480630874634,
                    0.6003357172012329,
                    -0.07219527661800385
                ],
                [
                    1.5099580252808664e-07,
                    0.6003357172012329,
                    -0.7997480630874634,
                    0.07363545149564743
                ],
                [
                    0.0,
                    0.0,
                    0.0,
                    1.0
                ]
            ]
        },
        {
            "camera": "camera_1",
            "file_path": "./train/r_26",
            "rotation": 0.1,
            "transform_matrix": [
                [
                    -1.0,
                    1.5260771135672258e-07,
                    -4.0288650637876344e-08,
                    -0.047877196222543716
                ],
                [
                    4.596258662559194e-08,
                    0.525750994682312,
                    0.8506385087966919,
                    -0.08479771763086319
                ],
                [
                    1.5099580252808664e-07,
                    0.8506385087966919,
                    -0.525750994682312,
                    -0.05914409086108208
                ],
                [
                    0.0,
                    0.0,
                    0.0,
                    1.0
                ]
            ]
        },
        {
            "camera": "camera_1",
            "file_path": "./train/r_27",
            "rotation": 0.1,
            "transform_matrix": [
                [
                    -0.9617733359336853,
                    4.4615294569894104e-08,
                    0.27384674549102783,
                    0.07636788487434387
                ],
                [
                    0.27384674549102783,
                    1.5669276365315454e-07,
                    0.9617733359336853,
                    0.02781647816300392
                ],
                [
                    0.0,
                    1.0,
                    -1.6292068494294654e-07,
                    0.07984288036823273
                ],
                [
                    0.0,
                    0.0,
                    0.0,
                    1.0
                ]
            ]
        },
        {
            "camera": "camera_1",
            "file_path": "./train/r_28",
            "rotation": 0.1,
            "transform_matrix": [
                [
                    -1.0,
                    1.502511821627195e-07,
                    -6.429496579585248e-08,
                    0.010346848517656326
                ],
                [
                    6.252624018543429e-08,
                    0.7152167558670044,
                    0.6989027261734009,
                    -0.10725772380828857
                ],
                [
                    1.5099580252808664e-07,
                    0.6989027261734009,
                    -0.7152167558670044,
                    -0.03184295818209648
                ],
                [
                    0.0,
                    0.0,
                    0.0,
                    1.0
                ]
            ]
        },
        {
            "camera": "camera_1",
            "file_path": "./train/r_29",
            "rotation": 0.1,
            "transform_matrix": [
                [
                    1.0,
                    0.0,
                    0.0,
                    -0.08507905155420303
                ],
                [
                    0.0,
                    1.0,
                    0.0,
                    -0.07265489548444748
                ],
                [
                    0.0,
                    0.0,
                    1.0,
                    0.024311432614922523
                ],
                [
                    0.0,
                    0.0,
                    0.0,
                    1.0
                ]
            ]
        },
        {
            "camera": "camera_1",
            "file_path": "./train/r_30",
            "rotation": 0.1,
            "transform_matrix": [
                [
                    -0.04151954874396324,
                    0.02522105537354946,
                    -0.9988192915916443,
                    0.08411623537540436
                ],
                [
                    -0.9991376996040344,
                    -0.001048073056153953,
                    0.0415063202381134,
                    0.07435917109251022
                ],
                [
                    -2.499824347523827e-09,
                    0.9996813535690308,
                    0.025242822244763374,
                    0.0
                ],
                [
                    0.0,
                    0.0,
                    0.0,
                    1.0
                ]
            ]
        },
        {
            "camera": "camera_1",
            "file_path": "./train/r_31",
            "rotation": 0.1,
            "transform_matrix": [
                [
                    -1.0,
                    1.5260775398928672e-07,
                    -4.028656519494689e-08,
                    0.017064979299902916
                ],
                [
                    4.596088842845347e-08,
                    0.5257313251495361,
                    0.8506506681442261,
                    0.02761354111135006
                ],
                [
                    1.5099580252808664e-07,
                    0.8506506681442261,
                    -0.5257313251495361,
                    0.1074758917093277
                ],
                [
                    0.0,
                    0.0,
                    0.0,
                    1.0
                ]
            ]
        },
        {
            "camera": "camera_1",
            "file_path": "./train/r_32",
            "rotation": 0.1,
            "transform_matrix": [
                [
                    0.9990636110305786,
                    -0.0385461188852787,
                    0.01964980736374855,
                    0.10340359061956406
                ],
                [
                    0.04326567053794861,
                    0.8900827169418335,
                    -0.4537409543991089,
                    -0.035326529294252396
                ],
                [
                    -1.7486223580220894e-09,
                    0.4541662335395813,
                    0.8909169435501099,
                    -0.034174948930740356
                ],
                [
                    0.0,
                    0.0,
                    0.0,
                    1.0
                ]
            ]
        },
        {
            "camera": "camera_1",
            "file_path": "./train/r_33",
            "rotation": 0.1,
            "transform_matrix": [
                [
                    0.2153729796409607,
                    -6.513615602443679e-08,
                    0.9765318632125854,
                    -0.07957978546619415
                ],
                [
                    0.9765318632125854,
                    5.5208278837426406e-08,
                    -0.2153729796409607,
                    0.03125683590769768
                ],
                [
                    -3.98840747095619e-08,
                    1.0,
                    7.549790126404332e-08,
                    0.07666606456041336
                ],
                [
                    0.0,
                    0.0,
                    0.0,
                    1.0
                ]
            ]
        },
        {
            "camera": "camera_1",
            "file_path": "./train/r_34",
            "rotation": 0.1,
            "transform_matrix": [
                [
                    0.7140551209449768,
                    8.07161271154655e-08,
                    -0.7000894546508789,
                    0.05907011032104492
                ],
                [
                    -0.7000894546508789,
                    2.6593731661250786e-08,
                    -0.7140551209449768,
                    0.04117784649133682
                ],
                [
                    -3.901777390069583e-08,
                    1.0,
                    7.549790126404332e-08,
                    0.08924879133701324
                ],
                [
                    0.0,
                    0.0,
                    0.0,
                    1.0
                ]
            ]
        },
        {
            "camera": "camera_1",
            "file_path": "./train/r_35",
            "rotation": 0.1,
            "transform_matrix": [
                [
                    1.0,
                    2.9200946838444986e-38,
                    7.374647059365359e-39,
                    0.0565568283200264
                ],
                [
                    3.011777998989264e-38,
                    -0.9695582985877991,
                    -0.24486055970191956,
                    -0.07668924331665039
                ],
                [
                    -9.80908925027372e-45,
                    0.24486055970191956,
                    -0.9695582985877991,
                    0.06346961110830307
                ],
                [
                    0.0,
                    0.0,
                    0.0,
                    1.0
                ]
            ]
        },
        {
            "camera": "camera_1",
            "file_path": "./train/r_36",
            "rotation": 0.1,
            "transform_matrix": [
                [
                    0.1804753839969635,
                    -0.0043722763657569885,
                    0.9835698008537292,
                    -0.09255025535821915
                ],
                [
                    0.9835795164108276,
                    0.00080218625953421,
                    -0.18047361075878143,
                    0.05719996243715286
                ],
                [
                    7.42724921565241e-08,
                    0.9999901056289673,
                    0.004445256199687719,
                    -0.03674472123384476
                ],
                [
                    0.0,
                    0.0,
                    0.0,
                    1.0
                ]
            ]
        },
        {
            "camera": "camera_1",
            "file_path": "./train/r_37",
            "rotation": 0.1,
            "transform_matrix": [
                [
                    -0.4372105896472931,
                    -2.9666918521797925e-07,
                    -0.8993591666221619,
                    0.07761972397565842
                ],
                [
                    -0.8993591666221619,
                    3.5035363055158086e-08,
                    0.4372105896472931,
                    0.03437183424830437
                ],
                [
                    -9.819753188367031e-08,
                    1.0,
                    -2.821299744937278e-07,
                    -0.07599074393510818
                ],
                [
                    0.0,
                    0.0,
                    0.0,
                    1.0
                ]
            ]
        },
        {
            "camera": "camera_1",
            "file_path": "./train/r_38",
            "rotation": 0.1,
            "transform_matrix": [
                [
                    -0.7408638000488281,
                    8.029450526692017e-08,
                    0.6716552972793579,
                    0.05066942796111107
                ],
                [
                    0.6716552972793579,
                    1.4711267226630298e-07,
                    0.7408638000488281,
                    -0.09937477856874466
                ],
                [
                    -3.932171210863089e-08,
                    1.0,
                    -1.6292068494294654e-07,
                    0.0
                ],
                [
                    0.0,
                    0.0,
                    0.0,
                    1.0
                ]
            ]
        },
        {
            "camera": "camera_1",
            "file_path": "./train/r_39",
            "rotation": 0.1,
            "transform_matrix": [
                [
                    1.0,
                    0.0,
                    0.0,
                    -0.0027140523307025433
                ],
                [
                    0.0,
                    0.7933408617973328,
                    -0.6087777018547058,
                    0.04185360297560692
                ],
                [
                    0.0,
                    0.6087777018547058,
                    0.7933408617973328,
                    0.10653284937143326
                ],
                [
                    0.0,
                    0.0,
                    0.0,
                    1.0
                ]
            ]
        },
        {
            "camera": "camera_1",
            "file_path": "./train/r_40",
            "rotation": 0.1,
            "transform_matrix": [
                [
                    1.0,
                    1.8717854423204655e-18,
                    2.0764956608753884e-19,
                    0.0831199362874031
                ],
                [
                    1.8832681567887735e-18,
                    -0.9939027428627014,
                    -0.11026034504175186,
                    -0.07265598326921463
                ],
                [
                    -2.3647717868474874e-25,
                    0.11026034504175186,
                    -0.9939027428627014,
                    0.030338887125253677
                ],
                [
                    0.0,
                    0.0,
                    0.0,
                    1.0
                ]
            ]
        },
        {
            "camera": "camera_1",
            "file_path": "./train/r_41",
            "rotation": 0.1,
            "transform_matrix": [
                [
                    -1.0,
                    1.5260775398928672e-07,
                    -4.028659716937e-08,
                    -0.05475421994924545
                ],
                [
                    4.5960913297449224e-08,
                    0.5257316827774048,
                    0.8506504893302917,
                    -0.08859455585479736
                ],
                [
                    1.5099580252808664e-07,
                    0.8506504893302917,
                    -0.5257316827774048,
                    0.03978120535612106
                ],
                [
                    0.0,
                    0.0,
                    0.0,
                    1.0
                ]
            ]
        },
        {
            "camera": "camera_1",
            "file_path": "./train/r_42",
            "rotation": 0.1,
            "transform_matrix": [
                [
                    1.0,
                    -5.40901721470758e-14,
                    9.943979394725906e-16,
                    0.09694268554449081
                ],
                [
                    5.409931332664257e-14,
                    0.9998310804367065,
                    -0.01837962679564953,
                    -0.027612440288066864
                ],
                [
                    -7.273768126280153e-20,
                    0.01837962679564953,
                    0.9998310804367065,
                    -0.049441780894994736
                ],
                [
                    0.0,
                    0.0,
